10277 111814
10277 111914
10277 112014
10277 112114
10277 112114P2
10277 112214
10277 112314
10277 112414
10277 112514
10277 120114
10277 120314
10277 120414
10277 120514
10277 120614
10277 120714
10277 120914
10277 121014
10277 121114
10277 121214
10277 121314
10277 121414
10277 121514
10277 121614
10277 121714
10277 121914
10277 122014
10277 122114
10283 111814
10283 111914
10283 112014
10283 112114
10283 112214
10283 112314
10283 112414
10283 112514
10283 120114
10283 120214
10283 120314
10283 120414
10283 120514
10283 120614
10283 120714
10283 120814
10283 120914
10283 121014
10283 121114
10283 121214
10283 121314
10283 121414
10283 121514
10283 121714
10283 121814
10283 121914
10283 122014
10283 122114
10284 111814
10284 111914
10284 112014
10284 112114
10284 112214
10284 112314
10284 112414
10284 112514
10284 120114
10284 120314
10284 120414
10284 120514
10284 120614
10284 120714
10284 120914
10284 121014
10284 121114
10284 121214
10284 121314
10284 121414
10284 121514
10284 121614
10284 121714
10284 121814
10284 121914
10284 122014
10284 122114
10287 111814
10287 111914
10287 112014
10287 112114
10287 112314
10287 112414
10287 120114
10287 120214
10287 120214P2
10287 120314
10287 120414
10287 120514
10287 120614
10287 120714
10287 120814
10287 120914
10287 121014
10287 121114
10287 121214
10287 121314
10287 121414
10287 121514
10287 121614
10287 121714
10287 121814
10287 121914
10287 122014
10287 122114
10288 111814
10288 111914
10288 112014
10288 112114
10288 112214
10288 112314
10288 112414
10288 112514
10288 120114
10288 120214
10288 120314
10288 120414
10288 120514
10288 120614
10288 120714
10288 120914
10288 121014
10288 121114
10288 121214
10288 121314
10288 121514
10288 121614R1
10288 121614R2
10288 121714
10288 121814
10288 121914
10288 122114
10299 111814
10299 111914
10299 112014
10299 112114
10299 112214
10299 112314
10299 112414
10299 112514
10299 120114
10299 120214
10299 120314
10299 120414
10299 120514
10299 120614
10299 120714
10299 120814
10299 120914
10299 121014
10299 121114
10299 121214
10299 121314
10299 121414
10299 121514
10299 121614
10299 121714
10299 121814
10299 121914
10299 122014
10299 122114
C3 111714
C4 111714
C5 111714
con4
LR
LR1
mix09
neg0
neg01
neg02
neg03
neg1
neg2
neg5
neg6
neg7
VP
VP1
10277 021715
10277 022015
10277 022215
10277 022415
10279 021715
10279 022015
10279 022215
10279 022415
10280 021715
10280 022015
10280 022215
10280 022415
10283 021715
10283 022015
10283 022215
10283 022415
10284 021715
10284 022015
10284 022215
10284 022415
10287 021715
10287 022015
10287 022215
10287 022415
10288 021715
10288 022015
10288 022215
10288 022415
10291 021715
10291 022015
10291 022215
10291 022415
10299 021715
10299 022015
10299 022215
10299 022415
C1 151127
C1 151201
C1 151213
C1 160114
C1 160118
C2 151127
C2 151201
C2 151213
C2 160114
C2 160118
C3 151127
C3 151201
C3 160114
C3 160118
C4 151127
C4 151201
C4 151213
C4 160114
C4 160118
C5 151127
C5 151201
C5 151213
C5 160114
C5 160118
G1 151127
G1 151201
G1 151213
G1 160114
G1 160118
G2 151127
G2 151201
G2 151213
G2 160114
G2 160118
G3 151127
G3 151201
G3 160114
G3 160118
G4 151127
G4 151201
G4 151213
G4 160114
G4 160118
G5 151127
G5 151201
G5 151213
G5 160114
G5 160118
M1 151127
M1 151201
M1 151213
M1 160114
M1 160118
M2 151127
M2 151201
M2 151213
M2 160114
M2 160118
M3 151127
M3 151201
M3 160114
M3 160118
M4 151127
M4 151201
M4 151213
M4 160114
M4 160118
M5 151127
M5 151201
M5 151213
M5 160114
M5 160118
V1 151127
V1 151201
V1 151213
V1 160114
V1 160118
V2 151127
V2 151201
V2 151213
V2 160114
V2 160118
V3 151127
V3 151201
V3 160114
V3 160118
V4 151127
V4 151201
V4 151213
V4 160114
V4 160118
V5 151127
V5 151201
V5 151213
V5 160114
V5 160118
10279 IgA1
10279 IgA2
10279 IgA3
10279 IgAm1
10279 IgAm2
10279 IgAm3
10279 PS1
10279 PS2
10279 PS3
10280 IgA1
10280 IgA2
10280 IgA3
10280 IgAm1
10280 IgAm2
10280 IgAm3
10280 PS1
10280 PS2
10280 PS3
10283 IgA1
10283 IgA2
10283 IgA3
10283 IgAm1
10283 IgAm2
10283 IgAm3
10283 PS1
10283 PS2
10283 PS3
10284 IgA1
10284 IgA2
10284 IgA3
10284 IgAm1
10284 IgAm2
10284 IgAm3
10284 PS1
10284 PS2
10284 PS3
10287 IgA1
10287 IgA2
10287 IgA3
10287 IgAm1
10287 IgAm2
10287 IgAm3
10287 PS1
10287 PS2
10287 PS3
10299 IgA1
10299 IgA2
10299 IgA3
10299 IgAm1
10299 IgAm2
10299 IgAm3
10299 PS1
10299 PS2
10299 PS3